81
Coordinates from ORCA-job testnew E -95.820012403470
  C          -0.54489804973105      3.95183311783222     -2.12112357875653
  C          -1.62171925105142      2.99803911095554     -1.69952594781030
  C          -1.30848219059088      1.70023003905359     -1.31766500294255
  C          -2.33432987785596      0.81257887935251     -0.96865668706859
  C          -3.66141181222693      1.23761787958055     -0.93724569545869
  C          -4.75112035911464      0.27101254959776     -0.54523915556486
  C          -4.25780035416727     -1.17083753258488     -0.60673308696444
  C          -2.86875302037423     -1.29574865369127      0.02247961423117
  O          -1.94886913548399     -0.47030384623117     -0.68212922127016
  C          -2.89200462652663     -0.85628069688299      1.49610936701406
  C          -3.96893329801641      2.56130109419650     -1.25973876598103
  C          -2.95243816272869      3.41836304585152     -1.67740518307746
  O          -3.21741200321057      4.70673613290538     -2.07059424081244
  C          -5.38190596149641      3.08159529294403     -1.16781911797143
  C           0.12510807075657      1.26161193071148     -1.26598515203973
  H           0.02273371293702      3.54119906467677     -2.95493085502663
  H          -0.98452469341542      4.89672801433023     -2.42314430890006
  H           0.14821708329627      4.13357066158952     -1.30055243991669
  H          -5.10542810556753      0.50281387009122      0.46469883217753
  H          -5.60089280749654      0.37764422979880     -1.22341288887180
  H          -4.95569563496727     -1.83713736355413     -0.09785478388912
  H          -4.19558547905214     -1.47033477995295     -1.65272540391391
  H          -3.68390704312042     -1.36854458801964      2.03623504640997
  H          -1.93766212006438     -1.08980823970691      1.96282725286347
  H          -3.04690697779876      0.21743625021537      1.56805178048063
  H          -4.17100766915818      4.83835544951473     -2.09340051733620
  H          -5.98634873186181      2.45782095699193     -0.51799740983700
  H          -5.39795033374555      4.08861741679232     -0.74756339755939
  H          -5.85793902318051      3.10657825950938     -2.15054042430735
  H           0.69124164783818      1.91534772381800     -0.60307019091925
  H           0.19279061422592      0.24377508851261     -0.89664883328094
  H           0.58462885161290      1.31094991529086     -2.25201901856334
  C          -2.30829910134257     -2.73036008410878     -0.04299218957931
  C          -2.53054242122105     -3.53113749540757     -1.32966595966680
  H          -1.23786717947673     -2.65789167488404      0.15496294854129
  H          -2.75879064986845     -3.29527149887621      0.77646201392507
  C          -1.95766017537631     -2.92232548756167     -2.61142768962246
  H          -3.60261544147461     -3.68590837026781     -1.47419636024431
  H          -2.09041716628886     -4.51858950863197     -1.17427251785558
  C          -0.45561362772180     -2.63003586167372     -2.58960140177825
  H          -2.47521235868077     -1.98675624237853     -2.81703108648915
  H          -2.17205173142269     -3.60962714394116     -3.43536226991679
  C           0.00101322524166     -2.02389939227122     -3.92457823246656
  C           0.36660112494486     -3.88496854560235     -2.30083613291712
  H          -0.26675687335478     -1.89305154053139     -1.80550589575430
  C          -0.75122082668036     -0.75079171203708     -4.31377261833970
  H          -0.10758866106955     -2.77377796129955     -4.71170266071721
  H           1.06398589104349     -1.78646350450878     -3.83305602531509
  C          -0.01481231987703      0.12405271391510     -5.33103629878799
  H          -0.92108287781328     -0.15853752452152     -3.41350073521095
  H          -1.72873036791892     -1.00797538867931     -4.72653974384540
  C           0.08478807242530     -0.48578344097028     -6.74232682968948
  H           0.98831643264220      0.34751979567723     -4.96116463390151
  H          -0.55397892924605      1.07272135463675     -5.39247821876663
  C          -0.12483892227283      0.60523651202712     -7.80154985561392
  H          -0.71701799538018     -1.22353304870216     -6.85820060148315
  C           1.42466264157109     -1.19175185686486     -6.94450922977457
  C          -0.18301202664737      0.07867868946356     -9.23449762448030
  H           0.67878743122114      1.34145777987013     -7.72004271638498
  H          -1.06532171856883      1.11962821010640     -7.58656542535423
  C          -0.55161094813108      1.18690336572308    -10.21909016554467
  H          -0.92798772660326     -0.71897076470680     -9.29479190746195
  H           0.78379659599617     -0.34196458097096     -9.50845470519370
  C          -0.72249880238534      0.70126896305588    -11.66273208663393
  H           0.21629897669527      1.96388463230239    -10.19180865502808
  H          -1.49042728899315      1.64277827955018     -9.89355490435261
  C           0.60111769164869      0.23802524746724    -12.26684563111845
  C          -1.31834194532477      1.81781619608409    -12.51908146431364
  H          -1.42009674611381     -0.14444074466991    -11.66237864478956
  H           0.45998588399610     -0.05603733594789    -13.30477731784579
  H           1.00263103146222     -0.61523193958865    -11.72697434065971
  H           1.33280349897369      1.04288860754822    -12.23574276777375
  H          -1.46335955554700      1.48029779399033    -13.54297981333998
  H          -0.65284531145521      2.67862324109961    -12.53317456651419
  H          -2.28084693496488      2.13553130454415    -12.12413169536612
  H           1.43851636884819     -1.73959907269347     -7.88334703319564
  H           1.61206878814185     -1.89895742545380     -6.14237930797786
  H           2.23468215630301     -0.46467412077487     -6.95799443231066
  H           0.13377442244081     -4.66596095025985     -3.02268017004744
  H           0.16942022866784     -4.26808373698003     -1.30327758423860
  H           1.42970291029471     -3.66291500478411     -2.37058539994122
